   2.0000000e+00
   1.9877127e+00
   1.9511504e+00
   1.8912045e+00
   1.8093366e+00
   1.7075436e+00
   1.5883085e+00
   1.4545413e+00
   1.3095079e+00
   1.1567512e+00
   1.0000052e+00
   8.4310461e-01
   6.8989163e-01
   5.4412262e-01
   4.0937683e-01
   2.8896914e-01
   1.8586922e-01
   1.0262889e-01
   4.1319415e-02
   3.4804601e-03
  -9.9182720e-03
   1.4983714e-03
   3.7500736e-02
   9.7258726e-02
   1.7936072e-01
   2.8184659e-01
   4.0225411e-01
   5.3767756e-01
   6.8483730e-01
   8.4015853e-01
   9.9985735e-01
   1.1600322e+00
   1.3167586e+00
   1.4661839e+00
   1.6046221e+00
   1.7286430e+00
   1.8351574e+00
   1.9214926e+00
   1.9854595e+00
   2.0254071e+00
   2.0402647e+00
