   6.7082039e+00
   6.6635201e+00
   6.6189123e+00
   6.5743821e+00
   6.5299311e+00
   6.4855609e+00
   6.4412732e+00
   6.3970696e+00
   6.3529521e+00
   6.3089223e+00
   6.2649820e+00
   6.2211333e+00
   6.1773781e+00
   6.1337183e+00
   6.0901560e+00
   6.0466933e+00
   6.0033324e+00
   5.9600755e+00
   5.9169249e+00
   5.8738829e+00
   5.8309519e+00
   5.7881344e+00
   5.7454330e+00
   5.7028502e+00
   5.6603887e+00
   5.6180513e+00
   5.5758407e+00
   5.5337600e+00
   5.4918121e+00
   5.4500000e+00
   5.4083269e+00
   5.3667961e+00
   5.3254108e+00
   5.2841745e+00
   5.2430907e+00
   5.2021630e+00
   5.1613952e+00
   5.1207910e+00
   5.0803543e+00
   5.0400893e+00
   5.0000000e+00
   4.9600907e+00
   4.9203658e+00
   4.8808298e+00
   4.8414874e+00
   4.8023432e+00
   4.7634021e+00
   4.7246693e+00
   4.6861498e+00
   4.6478490e+00
   4.6097722e+00
   4.5719252e+00
   4.5343136e+00
   4.4969434e+00
   4.4598206e+00
   4.4229515e+00
   4.3863424e+00
   4.3500000e+00
   4.3139309e+00
   4.2781421e+00
   4.2426407e+00
   4.2074339e+00
   4.1725292e+00
   4.1379343e+00
   4.1036569e+00
   4.0697051e+00
   4.0360872e+00
   4.0028115e+00
   3.9698866e+00
   3.9373214e+00
   3.9051248e+00
   3.8733061e+00
   3.8418745e+00
   3.8108398e+00
   3.7802116e+00
   3.7500000e+00
   3.7202150e+00
   3.6908671e+00
   3.6619667e+00
   3.6335245e+00
   3.6055513e+00
   3.5780581e+00
   3.5510562e+00
   3.5245567e+00
   3.4985711e+00
   3.4731110e+00
   3.4481879e+00
   3.4238137e+00
   3.4000000e+00
   3.3767588e+00
   3.3541020e+00
   3.3320414e+00
   3.3105891e+00
   3.2897568e+00
   3.2695565e+00
   3.2500000e+00
   3.2310989e+00
   3.2128648e+00
   3.1953091e+00
   3.1784430e+00
   3.1622777e+00
   3.1468238e+00
   3.1320920e+00
   3.1180924e+00
   3.1048349e+00
   3.0923292e+00
   3.0805844e+00
   3.0696091e+00
   3.0594117e+00
   3.0500000e+00
   3.0413813e+00
   3.0335623e+00
   3.0265492e+00
   3.0203477e+00
   3.0149627e+00
   3.0103986e+00
   3.0066593e+00
   3.0037477e+00
   3.0016662e+00
   3.0004166e+00
   3.0000000e+00
   3.0004166e+00
   3.0016662e+00
   3.0037477e+00
   3.0066593e+00
   3.0103986e+00
   3.0149627e+00
   3.0203477e+00
   3.0265492e+00
   3.0335623e+00
   3.0413813e+00
   3.0500000e+00
   3.0594117e+00
   3.0696091e+00
   3.0805844e+00
   3.0923292e+00
   3.1048349e+00
   3.1180924e+00
   3.1320920e+00
   3.1468238e+00
   3.1622777e+00
   3.1784430e+00
   3.1953091e+00
   3.2128648e+00
   3.2310989e+00
   3.2500000e+00
   3.2695565e+00
   3.2897568e+00
   3.3105891e+00
   3.3320414e+00
   3.3541020e+00
   3.3767588e+00
   3.4000000e+00
   3.4238137e+00
   3.4481879e+00
   3.4731110e+00
   3.4985711e+00
   3.5245567e+00
   3.5510562e+00
   3.5780581e+00
   3.6055513e+00
   3.6335245e+00
   3.6619667e+00
   3.6908671e+00
   3.7202150e+00
   3.7500000e+00
   3.7802116e+00
   3.8108398e+00
   3.8418745e+00
   3.8733061e+00
   3.9051248e+00
   3.9373214e+00
   3.9698866e+00
   4.0028115e+00
   4.0360872e+00
   4.0697051e+00
   4.1036569e+00
   4.1379343e+00
   4.1725292e+00
   4.2074339e+00
   4.2426407e+00
   4.2781421e+00
   4.3139309e+00
   4.3500000e+00
   4.3863424e+00
   4.4229515e+00
   4.4598206e+00
   4.4969434e+00
   4.5343136e+00
   4.5719252e+00
   4.6097722e+00
   4.6478490e+00
   4.6861498e+00
   4.7246693e+00
   4.7634021e+00
   4.8023432e+00
   4.8414874e+00
   4.8808298e+00
   4.9203658e+00
   4.9600907e+00
   5.0000000e+00
   5.0400893e+00
   5.0803543e+00
   5.1207910e+00
   5.1613952e+00
   5.2021630e+00
   5.2430907e+00
   5.2841745e+00
   5.3254108e+00
   5.3667961e+00
   5.4083269e+00
   5.4500000e+00
   5.4918121e+00
   5.5337600e+00
   5.5758407e+00
   5.6180513e+00
   5.6603887e+00
   5.7028502e+00
   5.7454330e+00
   5.7881344e+00
   5.8309519e+00
   5.8738829e+00
   5.9169249e+00
   5.9600755e+00
   6.0033324e+00
   6.0466933e+00
   6.0901560e+00
   6.1337183e+00
   6.1773781e+00
   6.2211333e+00
   6.2649820e+00
   6.3089223e+00
   6.3529521e+00
   6.3970696e+00
   6.4412732e+00
   6.4855609e+00
   6.5299311e+00
   6.5743821e+00
   6.6189123e+00
   6.6635201e+00
   6.7082039e+00
