   2.0000000e+00
   1.9877005e+00
   1.9511035e+00
   1.8911055e+00
   1.8091768e+00
   1.7073250e+00
   1.5880466e+00
   1.4542654e+00
   1.3092617e+00
   1.1565918e+00
   1.0000013e+00
   8.4333354e-01
   6.9043567e-01
   5.4506450e-01
   4.1079461e-01
   2.9093078e-01
   1.8842700e-01
   1.0581392e-01
   4.5136675e-02
   7.9044345e-03
  -4.9469739e-03
   6.9215261e-03
   4.3243389e-02
   1.0315236e-01
   1.8520303e-01
   2.8740557e-01
   4.0727375e-01
   5.4188522e-01
   6.8795242e-01
   8.4190258e-01
   9.9996473e-01
   1.1582617e+00
   1.3129048e+00
   1.4600890e+00
   1.5961863e+00
   1.7178344e+00
   1.8220199e+00
   1.9061524e+00
   1.9681284e+00
   2.0063843e+00
   2.0199349e+00
