   1.0000000e+00
   9.5100318e-01
   9.0440711e-01
   8.6009427e-01
   8.1795260e-01
   6.6588181e-01
   5.4210924e-01
   4.4160687e-01
   3.5978624e-01
   2.9565231e-01
   2.4296039e-01
   1.9974929e-01
   1.6423929e-01
   1.3489178e-01
   1.1079281e-01
   9.1040873e-02
   7.4817665e-02
   6.1450505e-02
   5.0473615e-02
   4.1476482e-02
   3.4086490e-02
   2.7996444e-02
   2.2995407e-02
   1.8896348e-02
   1.5529503e-02
   1.2754933e-02
   1.0476505e-02
   8.6090112e-03
   7.0751063e-03
   5.8110363e-03
   4.7730046e-03
   3.9221905e-03
   3.2233568e-03
   2.6474575e-03
   2.1745393e-03
   1.7869159e-03
   1.4685333e-03
   1.2061586e-03
   9.9070118e-04
   8.1410330e-04
   6.6905098e-04
   5.4951535e-04
   4.5135483e-04
   3.7089837e-04
   3.0481380e-04
   2.4623582e-04
   1.9892581e-04
   1.6082577e-04
   1.3004657e-04
   1.0137851e-04
   7.9036137e-05
   6.1736911e-05
   4.8251964e-05
   3.5975113e-05
   2.6822513e-05
   2.0106799e-05
   1.5102382e-05
   1.0557771e-05
   7.3757164e-06
   5.2495980e-06
   3.7679476e-06
   2.3725860e-06
   1.4829795e-06
   1.0093171e-06
   7.1839862e-07
   3.5351914e-07
   1.5467892e-07
   1.3177118e-07
   1.3407574e-07
  -1.6160534e-09
  -5.7384284e-08
   2.4116711e-08
   8.1913953e-08
  -2.1506862e-08
  -6.1094098e-08
   1.8870213e-08
   7.2445453e-08
  -1.9020867e-08
  -5.4032182e-08
   1.6688990e-08
   6.4071424e-08
  -1.6822229e-08
  -4.7786558e-08
   1.4759896e-08
   5.6665356e-08
  -6.4968207e-09
  -3.1638976e-08
   1.1243579e-08
   4.0846912e-08
