   1.5707963e+00
   1.5707963e+00
   1.5707963e+00
   1.5707963e+00
   1.5707963e+00
   1.5707963e+00
   1.5707962e+00
   1.5707961e+00
   1.5707959e+00
   1.5707946e+00
   1.5707925e+00
   1.5707894e+00
   1.5707854e+00
   1.5707525e+00
   1.5706974e+00
   1.5706202e+00
   1.5705208e+00
   1.5696926e+00
   1.5683117e+00
   1.5663780e+00
   1.5638916e+00
   1.5431715e+00
   1.5086364e+00
   1.4603117e+00
   1.3982618e+00
   1.1486806e+00
   7.9841713e-01
   3.7006994e-01
  -9.8012233e-02
  -3.7019085e-01
  -6.2863626e-01
  -8.6482711e-01
  -1.0720840e+00
  -1.2458064e+00
  -1.3835344e+00
  -1.4838084e+00
  -1.5460039e+00
  -1.5658371e+00
  -1.4821858e+00
  -1.2959080e+00
  -1.0117423e+00
  -7.7105646e-01
  -4.9836057e-01
  -2.0371878e-01
   1.0033541e-01
   3.9968761e-01
   6.8111592e-01
   9.3360074e-01
   1.1488253e+00
   1.3101564e+00
   1.4332741e+00
   1.5170770e+00
   1.5611598e+00
   1.5481489e+00
   1.4280669e+00
   1.2027535e+00
   8.7969010e-01
   6.3695604e-01
   3.7020782e-01
   8.8829777e-02
  -1.9625789e-01
  -4.7335437e-01
  -7.3196541e-01
  -9.6348307e-01
  -1.1615051e+00
  -1.3225688e+00
  -1.4438717e+00
  -1.5243369e+00
  -1.5635887e+00
  -1.5403324e+00
  -1.4083065e+00
  -1.1697890e+00
  -8.3341968e-01
  -5.1825875e-01
  -1.7201286e-01
   1.8530760e-01
   5.3141030e-01
