   1.5707963e+00
   1.5707963e+00
   1.5707963e+00
   1.5707963e+00
   1.5707963e+00
   1.5707963e+00
   1.5707962e+00
   1.5707962e+00
   1.5707961e+00
   1.5707952e+00
   1.5707939e+00
   1.5707919e+00
   1.5707894e+00
   1.5707684e+00
   1.5707333e+00
   1.5706842e+00
   1.5706210e+00
   1.5700937e+00
   1.5692148e+00
   1.5679844e+00
   1.5664027e+00
   1.5532410e+00
   1.5313847e+00
   1.5009556e+00
   1.4621244e+00
   1.3434542e+00
   1.1857895e+00
   9.9365506e-01
   7.7265450e-01
   4.8151500e-01
   1.7072719e-01
  -1.4700012e-01
  -4.5875529e-01
  -7.4209001e-01
  -9.9706550e-01
  -1.2138238e+00
  -1.3843166e+00
  -1.5055972e+00
  -1.5651347e+00
  -1.5602519e+00
  -1.4914103e+00
  -1.3692303e+00
  -1.1961768e+00
  -9.7855730e-01
  -7.2453621e-01
  -4.2854396e-01
  -1.1500353e-01
   2.0320444e-01
   5.1310630e-01
   7.8660882e-01
   1.0312455e+00
   1.2379300e+00
   1.3992932e+00
   1.5146337e+00
   1.5675706e+00
   1.5556837e+00
   1.4797247e+00
   1.3531642e+00
   1.1775315e+00
   9.5908549e-01
   7.0581653e-01
   4.0782463e-01
   9.3084509e-02
  -2.2543047e-01
  -5.3469701e-01
  -8.0428945e-01
  -1.0448292e+00
  -1.2475205e+00
  -1.4052497e+00
  -1.5181039e+00
  -1.5682826e+00
  -1.5534734e+00
  -1.4745502e+00
  -1.3462293e+00
  -1.1695824e+00
  -9.5084530e-01
  -6.9793419e-01
  -3.9912994e-01
  -8.3913906e-02
   2.3470199e-01
   5.4367412e-01
   8.1160831e-01
   1.0504194e+00
   1.2514323e+00
   1.4076386e+00
   1.5194426e+00
   1.5684602e+00
   1.5524245e+00
   1.4722611e+00
   1.4043040e+00
   1.3197541e+00
   1.2196078e+00
   1.1050485e+00
